# wavelength intensity
1.007354651285332494e+02 4.000000000000000000e+00
1.016972446460160455e+02 2.666666666666666519e+00
1.026589663517632545e+02 3.333333333333333481e+00
1.036206302457751320e+02 5.333333333333333037e+00
1.045822363280515077e+02 3.000000000000000000e+00
1.055437845985922962e+02 4.333333333333333037e+00
1.065052750573976965e+02 3.333333333333333481e+00
1.074667077044676233e+02 1.666666666666666741e+00
1.084280825398019346e+02 5.666666666666666963e+00
1.093893995634009144e+02 1.000000000000000000e+00
1.103506587752644208e+02 3.000000000000000000e+00
1.113118601753923116e+02 2.666666666666666519e+00
1.122730037637848426e+02 4.000000000000000000e+00
1.132340895404418717e+02 2.333333333333333481e+00
1.141951175053634273e+02 2.333333333333333481e+00
1.151560876585493958e+02 1.000000000000000000e+00
1.161170000000000044e+02 3.333333333333333481e+00
1.170778545297151112e+02 1.333333333333333259e+00
1.180386512476946592e+02 3.333333333333333481e+00
1.189993901539388190e+02 2.666666666666666519e+00
1.199600712484474769e+02 4.000000000000000000e+00
1.209206945312205477e+02 3.666666666666666519e+00
1.218812600022582586e+02 3.000000000000000000e+00
1.228417676615604961e+02 1.000000000000000000e+00
1.238022175091271464e+02 1.333333333333333259e+00
1.247626095449584085e+02 2.000000000000000000e+00
1.257229437690541403e+02 4.000000000000000000e+00
1.266832201814144270e+02 4.000000000000000000e+00
1.276434387820392118e+02 1.000000000000000000e+00
1.286035995709285089e+02 1.666666666666666741e+00
1.295637025480823468e+02 3.666666666666666519e+00
1.305237477135007111e+02 2.333333333333333481e+00
1.314837350671835452e+02 5.000000000000000000e+00
1.324436646091309626e+02 6.666666666666666297e-01
1.334035363393427360e+02 1.333333333333333259e+00
1.343633502578192065e+02 4.333333333333333037e+00
1.353231063645602035e+02 4.333333333333333037e+00
1.362828046595655564e+02 2.333333333333333481e+00
1.372424451428356065e+02 3.333333333333333481e+00
1.382020278143701262e+02 6.666666666666666297e-01
1.391615526741690587e+02 3.333333333333333481e+00
1.401210197222326315e+02 3.000000000000000000e+00
1.410804289585607307e+02 6.666666666666666297e-01
1.420397803831533565e+02 1.666666666666666741e+00
1.429990739960103383e+02 1.333333333333333259e+00
1.439583097971320171e+02 2.333333333333333481e+00
1.449174877865181656e+02 1.333333333333333259e+00
1.458766079641687270e+02 4.000000000000000000e+00
1.468356703300839285e+02 2.000000000000000000e+00
1.477946748842636566e+02 2.333333333333333481e+00
1.487536216267077407e+02 2.000000000000000000e+00
1.497125105574165218e+02 1.000000000000000000e+00
1.506713416763898294e+02 2.333333333333333481e+00
1.516301149836274931e+02 3.666666666666666519e+00
1.525888304791297969e+02 2.666666666666666519e+00
1.535474881628966273e+02 1.666666666666666741e+00
1.545060880349279273e+02 2.000000000000000000e+00
1.554646300952237539e+02 1.333333333333333259e+00
1.564231143437840501e+02 1.666666666666666741e+00
1.573815407806089866e+02 1.000000000000000000e+00
1.583399094056983358e+02 0.000000000000000000e+00
1.592982202190522116e+02 3.333333333333333148e-01
1.602564732206706708e+02 1.333333333333333259e+00
1.612146684105536565e+02 2.000000000000000000e+00
1.621728057887010550e+02 1.000000000000000000e+00
1.631308853551130937e+02 1.666666666666666741e+00
1.640889071097895453e+02 1.666666666666666741e+00
1.650468710527305802e+02 1.000000000000000000e+00
1.660047771839361417e+02 1.666666666666666741e+00
1.669626255034062297e+02 2.666666666666666519e+00
1.679204160111407305e+02 6.666666666666666297e-01
1.688781487071398715e+02 1.000000000000000000e+00
1.698358235914035390e+02 2.000000000000000000e+00
1.707934406639315625e+02 1.000000000000000000e+00
1.717509999247242831e+02 2.666666666666666519e+00
1.727085013737814734e+02 6.666666666666666297e-01
1.736659450111031333e+02 2.000000000000000000e+00
1.746233308366893766e+02 0.000000000000000000e+00
1.755806588505401464e+02 0.000000000000000000e+00
1.765379290526552722e+02 2.666666666666666519e+00
1.774951414430350951e+02 1.666666666666666741e+00
1.784522960216793876e+02 0.000000000000000000e+00
1.794093927885882636e+02 2.333333333333333481e+00
1.803664317437614955e+02 3.333333333333333148e-01
1.813234128871993676e+02 1.000000000000000000e+00
1.822803362189017093e+02 3.000000000000000000e+00
1.832372017388685776e+02 1.666666666666666741e+00
1.841940094471000293e+02 6.666666666666666297e-01
1.851507593435958938e+02 0.000000000000000000e+00
1.861074514283563417e+02 1.000000000000000000e+00
1.870640857013812592e+02 6.666666666666666297e-01
1.880206621626707602e+02 2.333333333333333481e+00
1.889771808122247307e+02 2.000000000000000000e+00
1.899336416500432279e+02 3.333333333333333148e-01
1.908900446761263083e+02 0.000000000000000000e+00
1.918463898904738585e+02 3.333333333333333148e-01
1.928026772930858783e+02 1.000000000000000000e+00
1.937589068839624815e+02 6.666666666666666297e-01
1.947150786631036681e+02 0.000000000000000000e+00
1.956711926305091538e+02 6.666666666666666297e-01
1.966272487861793365e+02 6.666666666666666297e-01
1.975832471301140458e+02 6.666666666666666297e-01
1.985391876623131679e+02 2.333333333333333481e+00
1.994950703827768734e+02 6.666666666666666297e-01
2.004508952915051623e+02 2.666666666666666519e+00
2.014066623884978640e+02 1.666666666666666741e+00
2.023623716737550922e+02 0.000000000000000000e+00
2.033180231472769037e+02 1.000000000000000000e+00
2.042736168090631850e+02 6.666666666666666297e-01
2.052291526591139359e+02 6.666666666666666297e-01
2.061846306974293270e+02 3.333333333333333148e-01
2.071400509240091878e+02 3.333333333333333148e-01
2.080954133388535752e+02 6.666666666666666297e-01
2.090507179419624322e+02 6.666666666666666297e-01
2.100059647333358157e+02 3.333333333333333148e-01
2.109611537129737258e+02 0.000000000000000000e+00
2.119162848808761623e+02 0.000000000000000000e+00
2.128713582370431254e+02 1.333333333333333259e+00
2.138263737814746150e+02 3.333333333333333148e-01
2.147813315141706312e+02 0.000000000000000000e+00
2.157362314351311170e+02 1.000000000000000000e+00
2.166910735443561293e+02 0.000000000000000000e+00
2.176458578418457250e+02 0.000000000000000000e+00
2.186005843275997904e+02 1.000000000000000000e+00
2.195552530016183823e+02 0.000000000000000000e+00
2.205098638639015576e+02 0.000000000000000000e+00
2.214644169144491457e+02 8.666666666666666075e+00
2.224189121532612603e+02 2.000000000000000000e+00
2.233733495803379583e+02 1.333333333333333259e+00
2.243277291956791260e+02 4.666666666666666963e+00
2.252820509992848201e+02 4.333333333333333037e+00
2.262363149911550408e+02 4.333333333333333037e+00
2.271905211712897881e+02 3.666666666666666519e+00
2.281446695396891187e+02 4.333333333333333037e+00
2.290987600963528621e+02 5.666666666666666963e+00
2.300527928412811320e+02 5.666666666666666963e+00
2.310067677744739854e+02 5.666666666666666963e+00
2.319606848959313083e+02 4.333333333333333037e+00
2.329145442056532147e+02 4.666666666666666963e+00
2.338683457036395907e+02 3.333333333333333481e+00
2.348220893898904365e+02 4.666666666666666963e+00
2.357757752644058655e+02 6.000000000000000000e+00
2.367294033271857643e+02 3.000000000000000000e+00
2.376829735782301896e+02 1.333333333333333259e+00
2.386364860175391982e+02 4.333333333333333037e+00
2.395899406451126765e+02 3.000000000000000000e+00
2.405433374609507382e+02 1.666666666666666741e+00
2.414966764650532696e+02 4.000000000000000000e+00
2.424499576574202706e+02 4.000000000000000000e+00
2.434031810380518550e+02 3.333333333333333481e+00
2.443563466069479659e+02 3.666666666666666519e+00
2.453094543641085465e+02 2.666666666666666519e+00
2.462625043095336537e+02 2.333333333333333481e+00
2.472154964432232873e+02 2.666666666666666519e+00
2.481684307651773906e+02 5.333333333333333037e+00
2.491213072753960773e+02 4.333333333333333037e+00
2.500741259738792337e+02 6.666666666666666297e-01
2.510268868606269734e+02 5.000000000000000000e+00
2.519795899356392397e+02 2.000000000000000000e+00
2.529322351989160325e+02 4.666666666666666963e+00
2.538848226504572381e+02 4.000000000000000000e+00
2.548373522902630270e+02 4.000000000000000000e+00
2.557898241183333994e+02 2.333333333333333481e+00
2.567422381346681846e+02 5.000000000000000000e+00
2.576945943392675531e+02 4.666666666666666963e+00
2.586468927321314482e+02 2.333333333333333481e+00
2.595991333132598129e+02 4.333333333333333037e+00
2.605513160826527042e+02 1.666666666666666741e+00
2.615034410403100651e+02 1.666666666666666741e+00
2.624555081862320094e+02 3.000000000000000000e+00
2.634075175204185371e+02 5.000000000000000000e+00
2.643594690428694776e+02 4.000000000000000000e+00
2.653113627535850014e+02 3.000000000000000000e+00
2.662631986525649950e+02 4.000000000000000000e+00
2.672149767398095150e+02 1.666666666666666741e+00
2.681666970153186185e+02 5.333333333333333037e+00
2.691183594790921916e+02 6.666666666666666297e-01
2.700699641311302344e+02 4.000000000000000000e+00
2.710215109714329174e+02 1.666666666666666741e+00
2.719730000000000132e+02 3.000000000000000000e+00
2.729244312168315787e+02 2.666666666666666519e+00
2.738758046219277844e+02 4.666666666666666963e+00
2.748271202152884598e+02 4.000000000000000000e+00
2.757783779969136617e+02 1.000000000000000000e+00
2.767295779668033333e+02 2.333333333333333481e+00
2.776807201249576451e+02 2.000000000000000000e+00
2.786318044713763697e+02 2.000000000000000000e+00
2.795828310060596209e+02 2.333333333333333481e+00
2.805337997290074554e+02 2.000000000000000000e+00
2.814847106402197596e+02 4.333333333333333037e+00
2.824355637396965903e+02 1.333333333333333259e+00
2.833863590274380044e+02 3.333333333333333481e+00
2.843370965034438314e+02 2.000000000000000000e+00
2.852877761677142416e+02 2.666666666666666519e+00
2.862383980202491216e+02 4.000000000000000000e+00
2.871889620610485281e+02 1.000000000000000000e+00
2.881394682901125179e+02 3.666666666666666519e+00
2.890899167074409775e+02 1.333333333333333259e+00
2.900403073130339067e+02 6.666666666666666297e-01
2.909906401068914761e+02 1.000000000000000000e+00
2.919409150890134583e+02 3.666666666666666519e+00
2.928911322594000808e+02 6.666666666666666297e-01
2.938412916180511161e+02 6.666666666666666297e-01
2.947913931649666779e+02 3.666666666666666519e+00
2.957414369001468231e+02 1.000000000000000000e+00
2.966914228235913811e+02 6.666666666666666297e-01
2.976413509353005225e+02 3.333333333333333148e-01
2.985912212352741903e+02 2.000000000000000000e+00
2.995410337235123279e+02 1.333333333333333259e+00
3.004907884000150489e+02 6.666666666666666297e-01
3.014404852647822395e+02 2.000000000000000000e+00
3.023901243178139566e+02 1.666666666666666741e+00
3.033397055591102003e+02 2.666666666666666519e+00
3.042892289886710273e+02 4.333333333333333037e+00
3.052386946064962672e+02 3.000000000000000000e+00
3.061881024125860336e+02 1.000000000000000000e+00
3.071374524069403833e+02 1.333333333333333259e+00
3.080867445895592596e+02 1.666666666666666741e+00
3.090359789604426055e+02 2.333333333333333481e+00
3.099851555195904780e+02 1.666666666666666741e+00
3.109342742670028201e+02 1.333333333333333259e+00
3.118833352026797456e+02 0.000000000000000000e+00
3.128323383266211977e+02 1.333333333333333259e+00
3.137812836388271762e+02 6.666666666666666297e-01
3.147301711392976244e+02 1.333333333333333259e+00
3.156790008280326560e+02 1.333333333333333259e+00
3.166277727050321573e+02 3.333333333333333148e-01
3.175764867702961851e+02 3.333333333333333481e+00
3.185251430238247394e+02 6.666666666666666297e-01
3.194737414656178203e+02 1.666666666666666741e+00
3.204222820956754276e+02 6.666666666666666297e-01
3.213707649139975047e+02 1.666666666666666741e+00
3.223191899205840514e+02 6.666666666666666297e-01
3.232675571154352383e+02 2.000000000000000000e+00
3.242158664985508949e+02 6.666666666666666297e-01
3.251641180699311349e+02 4.000000000000000000e+00
3.261123118295757877e+02 1.000000000000000000e+00
3.270604477774850238e+02 1.666666666666666741e+00
3.280085259136587865e+02 3.333333333333333148e-01
3.289565462380970189e+02 1.333333333333333259e+00
3.299045087507997778e+02 1.000000000000000000e+00
3.308524134517671200e+02 2.666666666666666519e+00
3.318002603409989320e+02 0.000000000000000000e+00
3.327480494184952136e+02 2.000000000000000000e+00
3.336957806842560785e+02 3.333333333333333148e-01
3.346434541382813563e+02 1.000000000000000000e+00
3.355910697805712744e+02 0.000000000000000000e+00
3.365386276111257189e+02 6.666666666666666297e-01
3.374861276299446899e+02 3.333333333333333481e+00
3.384335698370280738e+02 0.000000000000000000e+00
3.393809542323760411e+02 3.333333333333333148e-01
3.403282808159885349e+02 6.666666666666666297e-01
3.412755495878654983e+02 3.333333333333333148e-01
3.422227605480070451e+02 3.333333333333333148e-01
3.431699136964131185e+02 1.200000000000000000e+01
3.441170090330836615e+02 1.000000000000000000e+00
3.450640465580187310e+02 3.333333333333333481e+00
3.460110262712183271e+02 4.666666666666666963e+00
3.469579481726823929e+02 4.666666666666666963e+00
3.479048122624110420e+02 5.000000000000000000e+00
3.488516185404041607e+02 7.666666666666666963e+00
3.497983670066618629e+02 6.000000000000000000e+00
3.507450576611840347e+02 5.666666666666666963e+00
3.516916905039707331e+02 6.000000000000000000e+00
3.526382655350220148e+02 8.333333333333333925e+00
3.535847827543377662e+02 5.666666666666666963e+00
3.545312421619180441e+02 8.000000000000000000e+00
3.554776437577627348e+02 6.333333333333333037e+00
3.564239875418721226e+02 4.666666666666666963e+00
3.573702735142459801e+02 4.666666666666666963e+00
3.583165016748842504e+02 6.000000000000000000e+00
3.592626720237870472e+02 4.000000000000000000e+00
3.602087845609544843e+02 4.333333333333333037e+00
3.611548392863863342e+02 2.333333333333333481e+00
3.621008362000827674e+02 4.666666666666666963e+00
3.630467753020437272e+02 1.666666666666666741e+00
3.639926565922690997e+02 6.333333333333333037e+00
3.649384800707591126e+02 4.333333333333333037e+00
3.658842457375136519e+02 5.666666666666666963e+00
3.668299535925326040e+02 3.000000000000000000e+00
3.677756036358161396e+02 4.333333333333333037e+00
3.687211958673642584e+02 1.666666666666666741e+00
3.696667302871767902e+02 4.666666666666666963e+00
3.706122068952538484e+02 7.333333333333333037e+00
3.715576256915954332e+02 3.333333333333333481e+00
3.725029866762015445e+02 5.666666666666666963e+00
3.734482898490721823e+02 6.666666666666666963e+00
3.743935352102073466e+02 6.000000000000000000e+00
3.753387227596070375e+02 4.666666666666666963e+00
3.762838524972711980e+02 3.666666666666666519e+00
3.772289244231999419e+02 4.000000000000000000e+00
3.781739385373931555e+02 5.000000000000000000e+00
3.791188948398508956e+02 6.333333333333333037e+00
3.800637933305732190e+02 4.666666666666666963e+00
3.810086340095600121e+02 1.666666666666666741e+00
3.819534168768112750e+02 2.666666666666666519e+00
3.828981419323271780e+02 4.000000000000000000e+00
3.838428091761074370e+02 7.000000000000000000e+00
3.847874186081522794e+02 3.666666666666666519e+00
3.857319702284617051e+02 5.666666666666666963e+00
3.866764640370356574e+02 4.000000000000000000e+00
3.876209000338740225e+02 5.333333333333333037e+00
3.885652782189769709e+02 3.333333333333333481e+00
3.895095985923445028e+02 7.000000000000000000e+00
3.904538611539763906e+02 2.333333333333333481e+00
3.913980659038729186e+02 5.666666666666666963e+00
3.923422128420339732e+02 2.666666666666666519e+00
3.932863019684594406e+02 1.000000000000000000e+00
3.942303332831495482e+02 2.333333333333333481e+00
3.951743067861041254e+02 6.000000000000000000e+00
3.961182224773231724e+02 5.000000000000000000e+00
3.970620803568067458e+02 3.666666666666666519e+00
3.980058804245549027e+02 2.666666666666666519e+00
3.989496226805674723e+02 2.666666666666666519e+00
3.998933071248446822e+02 3.333333333333333481e+00
4.008369337573864186e+02 3.000000000000000000e+00
4.017805025781925679e+02 2.000000000000000000e+00
4.027240135872633005e+02 4.333333333333333037e+00
4.036674667845986164e+02 3.666666666666666519e+00
4.046108621701983452e+02 5.666666666666666963e+00
4.055541997440626005e+02 2.666666666666666519e+00
4.064974795061914392e+02 6.000000000000000000e+00
4.074407014565847476e+02 1.333333333333333259e+00
4.083838655952425256e+02 2.000000000000000000e+00
4.093269719221648870e+02 5.333333333333333037e+00
4.102700204373517749e+02 3.333333333333333481e+00
4.112130111408031325e+02 3.000000000000000000e+00
4.121559440325190735e+02 5.666666666666666963e+00
4.130988191124994842e+02 4.000000000000000000e+00
4.140416363807444213e+02 3.000000000000000000e+00
4.149843958372539419e+02 1.000000000000000000e+00
4.159270974820279321e+02 3.666666666666666519e+00
4.168697413150663920e+02 1.666666666666666741e+00
4.178123273363694352e+02 2.666666666666666519e+00
4.187548555459370050e+02 2.000000000000000000e+00
4.196973259437690444e+02 3.333333333333333481e+00
4.206397385298656104e+02 3.666666666666666519e+00
4.215820933042267029e+02 2.666666666666666519e+00
4.225243902668522651e+02 3.000000000000000000e+00
4.234666294177424675e+02 3.333333333333333481e+00
4.244088107568971395e+02 4.666666666666666963e+00
4.253509342843162244e+02 4.333333333333333037e+00
4.262930000000000064e+02 5.333333333333333037e+00
4.272350079039482580e+02 1.666666666666666741e+00
4.281769579961608656e+02 2.666666666666666519e+00
4.291188502766381703e+02 1.666666666666666741e+00
4.300606847453799446e+02 3.000000000000000000e+00
4.310024614023861886e+02 4.333333333333333037e+00
4.319441802476570729e+02 4.000000000000000000e+00
4.328858412811923699e+02 2.000000000000000000e+00
4.338274445029921367e+02 2.666666666666666519e+00
4.347689899130565436e+02 1.000000000000000000e+00
4.357104775113854203e+02 4.333333333333333037e+00
4.366519072979788234e+02 3.000000000000000000e+00
4.375932792728367531e+02 1.000000000000000000e+00
4.385345934359592093e+02 3.666666666666666519e+00
4.394758497873461351e+02 1.333333333333333259e+00
4.404170483269975875e+02 2.333333333333333481e+00
4.413581890549136233e+02 5.666666666666666963e+00
4.422992719710941287e+02 4.000000000000000000e+00
4.432402970755391607e+02 1.333333333333333259e+00
4.441812643682486623e+02 1.666666666666666741e+00
4.451221738492227473e+02 2.333333333333333481e+00
4.460630255184613020e+02 2.000000000000000000e+00
4.470038193759644400e+02 2.333333333333333481e+00
4.479445554217321046e+02 1.333333333333333259e+00
4.488852336557641820e+02 2.666666666666666519e+00
4.498258540780608996e+02 4.666666666666666963e+00
4.507664166886220869e+02 4.666666666666666963e+00
4.517069214874477439e+02 3.333333333333333481e+00
4.526473684745379842e+02 2.000000000000000000e+00
4.535877576498926942e+02 4.666666666666666963e+00
4.545280890135119307e+02 3.333333333333333148e-01
4.554683625653956938e+02 2.000000000000000000e+00
4.564085783055440970e+02 2.000000000000000000e+00
4.573487362339567994e+02 1.333333333333333259e+00
4.582888363506341989e+02 2.666666666666666519e+00
4.592288786555760680e+02 1.666666666666666741e+00
4.601688631487824068e+02 2.333333333333333481e+00
4.611087898302532722e+02 6.666666666666666297e-01
4.620486586999887777e+02 0.000000000000000000e+00
4.629884697579885824e+02 0.000000000000000000e+00
4.639282230042530273e+02 1.733333333333333215e+01
4.648679184387821124e+02 2.000000000000000000e+00
4.658075560615753830e+02 3.000000000000000000e+00
4.667471358726335211e+02 6.000000000000000000e+00
4.676866578719560721e+02 2.666666666666666519e+00
4.686261220595430359e+02 1.000000000000000000e+01
4.695655284353945262e+02 8.000000000000000000e+00
4.705048769995107705e+02 7.666666666666666963e+00
4.714441677518912002e+02 9.333333333333333925e+00
4.723834006925363838e+02 1.000000000000000000e+01
4.733225758214460939e+02 1.366666666666666607e+01
4.742616931386202168e+02 7.333333333333333037e+00
4.752007526440588663e+02 7.000000000000000000e+00
4.761397543377620423e+02 5.666666666666666963e+00
4.770786982197297448e+02 9.333333333333333925e+00
4.780175842899618601e+02 5.666666666666666963e+00
4.789564125484587294e+02 3.666666666666666519e+00
4.798951829952198977e+02 8.333333333333333925e+00
4.808338956302458200e+02 8.000000000000000000e+00
4.817725504535360415e+02 2.333333333333333481e+00
4.827111474650909031e+02 2.000000000000000000e+00
4.836496866649101776e+02 7.333333333333333037e+00
4.845881680529940922e+02 5.000000000000000000e+00
4.855265916293424198e+02 6.000000000000000000e+00
4.864649573939553875e+02 4.666666666666666963e+00
4.874032653468327680e+02 3.333333333333333481e+00
4.883415154879745614e+02 5.333333333333333037e+00
4.892797078173811087e+02 7.000000000000000000e+00
4.902178423350520688e+02 7.666666666666666963e+00
4.911559190409875555e+02 8.666666666666666075e+00
4.920939379351875687e+02 6.333333333333333037e+00
4.930318990176522220e+02 8.000000000000000000e+00
4.939698022883811745e+02 6.000000000000000000e+00
4.949076477473747673e+02 8.333333333333333925e+00
4.958454353946327728e+02 6.000000000000000000e+00
4.967831652301554186e+02 3.333333333333333481e+00
4.977208372539424772e+02 6.666666666666666963e+00
4.986584514659942897e+02 7.666666666666666963e+00
4.995960078663104014e+02 9.666666666666666075e+00
5.005335064548909259e+02 5.000000000000000000e+00
5.014709472317362042e+02 7.666666666666666963e+00
5.024083301968458954e+02 6.000000000000000000e+00
5.033456553502201132e+02 4.000000000000000000e+00
5.042829226918588574e+02 8.000000000000000000e+00
5.052201322217622419e+02 7.000000000000000000e+00
5.061572839399299255e+02 5.000000000000000000e+00
5.070943778463623630e+02 6.000000000000000000e+00
5.080314139410590997e+02 8.000000000000000000e+00
5.089683922240204765e+02 6.333333333333333037e+00
5.099053126952462662e+02 8.666666666666666075e+00
5.108421753547368098e+02 4.000000000000000000e+00
5.117789802024915389e+02 5.000000000000000000e+00
5.127157272385109081e+02 5.333333333333333037e+00
5.136524164627950313e+02 6.000000000000000000e+00
5.145890478753433399e+02 3.333333333333333481e+00
5.155256214761564024e+02 7.666666666666666963e+00
5.164621372652338778e+02 6.666666666666666963e+00
5.173985952425759933e+02 3.000000000000000000e+00
5.183349954081824080e+02 5.666666666666666963e+00
5.192713377620535766e+02 3.666666666666666519e+00
5.202076223041891581e+02 5.333333333333333037e+00
5.211438490345891523e+02 3.333333333333333481e+00
5.220800179532537868e+02 3.333333333333333481e+00
5.230161290601829478e+02 4.000000000000000000e+00
5.239521823553765216e+02 3.666666666666666519e+00
5.248881778388346220e+02 5.000000000000000000e+00
5.258241155105574762e+02 6.333333333333333037e+00
5.267599953705445159e+02 7.000000000000000000e+00
5.276958174187963095e+02 5.666666666666666963e+00
5.286315816553126297e+02 5.666666666666666963e+00
5.295672880800933626e+02 5.333333333333333037e+00
5.305029366931386221e+02 3.333333333333333481e+00
5.314385274944485218e+02 2.666666666666666519e+00
5.323740604840227206e+02 3.000000000000000000e+00
5.333095356618615597e+02 3.333333333333333481e+00
5.342449530279649252e+02 3.333333333333333481e+00
5.351803125823328173e+02 5.333333333333333037e+00
5.361156143249651223e+02 4.666666666666666963e+00
5.370508582558620674e+02 3.666666666666666519e+00
5.379860443750234253e+02 1.333333333333333259e+00
5.389211726824494235e+02 6.000000000000000000e+00
5.398562431781399482e+02 5.333333333333333037e+00
5.407912558620948857e+02 3.333333333333333481e+00
5.417262107343144635e+02 2.333333333333333481e+00
5.426611077947984541e+02 2.333333333333333481e+00
5.435959470435469711e+02 1.666666666666666741e+00
5.445307284805600148e+02 5.666666666666666963e+00
5.454654521058376986e+02 5.333333333333333037e+00
5.464001179193796816e+02 6.000000000000000000e+00
5.473347259211864184e+02 2.333333333333333481e+00
5.482692761112574544e+02 3.666666666666666519e+00
5.492037684895930170e+02 2.333333333333333481e+00
5.501382030561933334e+02 6.000000000000000000e+00
5.510725798110579490e+02 7.333333333333333037e+00
5.520068987541872048e+02 7.000000000000000000e+00
5.529411598855808734e+02 7.000000000000000000e+00
5.538753632052391822e+02 2.666666666666666519e+00
5.548095087131619039e+02 2.000000000000000000e+00
5.557435964093492657e+02 1.333333333333333259e+00
5.566776262938010404e+02 4.666666666666666963e+00
5.576115983665173417e+02 3.666666666666666519e+00
5.585455126274981694e+02 6.666666666666666963e+00
5.594793690767436374e+02 5.666666666666666963e+00
5.604131677142534045e+02 2.000000000000000000e+00
5.613469085400278118e+02 4.000000000000000000e+00
5.622805915540667456e+02 4.333333333333333037e+00
5.632142167563702060e+02 3.666666666666666519e+00
5.641477841469381929e+02 3.000000000000000000e+00
5.650812937257705926e+02 3.000000000000000000e+00
5.660147454928676325e+02 3.000000000000000000e+00
5.669481394482290852e+02 1.333333333333333259e+00
5.678814755918551782e+02 2.666666666666666519e+00
5.688147539237456840e+02 2.000000000000000000e+00
5.697479744439008300e+02 4.000000000000000000e+00
5.706811371523203889e+02 4.666666666666666963e+00
5.716142420490045879e+02 4.333333333333333037e+00
5.725472891339530861e+02 5.000000000000000000e+00
5.734802784071662245e+02 6.666666666666666963e+00
5.744132098686438894e+02 2.000000000000000000e+00
5.753460835183859672e+02 4.000000000000000000e+00
5.762788993563927988e+02 3.666666666666666519e+00
5.772116573826640433e+02 3.666666666666666519e+00
5.781443575971997006e+02 1.666666666666666741e+00
5.790769999999999982e+02 1.000000000000000000e+00
5.800095845910648222e+02 3.666666666666666519e+00
5.809421113703939454e+02 3.666666666666666519e+00
5.818745803379879362e+02 1.333333333333333259e+00
5.828069914938462261e+02 1.333333333333333259e+00
5.837393448379690426e+02 2.066666666666666785e+01
5.846716403703563856e+02 5.333333333333333037e+00
5.856038780910082551e+02 1.133333333333333393e+01
5.865360579999246511e+02 1.333333333333333393e+01
5.874681800971055736e+02 1.200000000000000000e+01
5.884002443825511364e+02 1.800000000000000000e+01
5.893322508562609983e+02 1.533333333333333393e+01
5.902641995182355004e+02 2.000000000000000000e+01
5.911960903684745290e+02 1.966666666666666785e+01
5.921279234069779704e+02 1.833333333333333215e+01
5.930596986337460521e+02 1.700000000000000000e+01
5.939914160487786603e+02 1.566666666666666607e+01
5.949230756520756813e+02 1.866666666666666785e+01
5.958546774436373425e+02 1.833333333333333215e+01
5.967862214234634166e+02 1.766666666666666785e+01
5.977177075915540172e+02 1.633333333333333215e+01
5.986491359479091443e+02 1.533333333333333393e+01
5.995805064925287979e+02 1.700000000000000000e+01
6.005118192254130918e+02 1.500000000000000000e+01
6.014430741465616848e+02 1.233333333333333393e+01
6.023742712559750316e+02 1.166666666666666607e+01
6.033054105536527914e+02 1.700000000000000000e+01
6.042364920395949639e+02 1.900000000000000000e+01
6.051675157138017767e+02 1.833333333333333215e+01
6.060984815762731159e+02 1.633333333333333215e+01
6.070293896270088680e+02 1.600000000000000000e+01
6.079602398660092604e+02 1.366666666666666607e+01
6.088910322932741792e+02 1.400000000000000000e+01
6.098217669088033972e+02 1.566666666666666607e+01
6.107524437125973691e+02 1.666666666666666785e+01
6.116830627046557538e+02 1.666666666666666785e+01
6.126136238849786650e+02 1.900000000000000000e+01
6.135441272535661028e+02 1.766666666666666785e+01
6.144745728104181808e+02 1.433333333333333393e+01
6.154049605555345579e+02 1.533333333333333393e+01
6.163352904889156889e+02 1.466666666666666607e+01
6.172655626105612328e+02 1.433333333333333393e+01
6.181957769204711894e+02 1.800000000000000000e+01
6.191259334186457863e+02 1.833333333333333215e+01
6.200560321050849097e+02 1.533333333333333393e+01
6.209860729797884460e+02 1.400000000000000000e+01
6.219160560427565088e+02 1.466666666666666607e+01
6.228459812939892117e+02 1.566666666666666607e+01
6.237758487334863275e+02 1.633333333333333215e+01
6.247056583612480836e+02 1.500000000000000000e+01
6.256354101772742524e+02 1.533333333333333393e+01
6.265651041815649478e+02 1.766666666666666785e+01
6.274947403741201697e+02 1.633333333333333215e+01
6.284243187549400318e+02 1.466666666666666607e+01
6.293538393240241930e+02 1.900000000000000000e+01
6.302833020813729945e+02 1.300000000000000000e+01
6.312127070269863225e+02 1.600000000000000000e+01
6.321420541608641770e+02 1.466666666666666607e+01
6.330713434830064443e+02 1.366666666666666607e+01
6.340005749934133519e+02 1.633333333333333215e+01
6.349297486920846723e+02 1.433333333333333393e+01
6.358588645790206328e+02 1.533333333333333393e+01
6.367879226542211200e+02 1.333333333333333393e+01
6.377169229176859062e+02 1.266666666666666607e+01
6.386458653694154464e+02 1.100000000000000000e+01
6.395747500094093994e+02 1.700000000000000000e+01
6.405035768376678789e+02 1.333333333333333393e+01
6.414323458541908849e+02 1.166666666666666607e+01
6.423610570589785311e+02 1.300000000000000000e+01
6.432897104520305902e+02 1.366666666666666607e+01
6.442183060333471758e+02 1.833333333333333215e+01
6.451468438029281742e+02 1.866666666666666785e+01
6.460753237607738129e+02 2.000000000000000000e+01
6.470037459068838643e+02 1.566666666666666607e+01
6.479321102412585560e+02 1.600000000000000000e+01
6.488604167638977742e+02 1.533333333333333393e+01
6.497886654748014053e+02 1.200000000000000000e+01
6.507168563739696765e+02 1.100000000000000000e+01
6.516449894614023606e+02 1.433333333333333393e+01
6.525730647370995712e+02 1.466666666666666607e+01
6.535010822010613083e+02 1.100000000000000000e+01
6.544290418532876856e+02 1.500000000000000000e+01
6.553569436937783621e+02 1.133333333333333393e+01
6.562847877225337925e+02 1.533333333333333393e+01
6.572125739395536357e+02 1.200000000000000000e+01
6.581403023448378917e+02 1.200000000000000000e+01
6.590679729383867880e+02 1.500000000000000000e+01
6.599955857202002107e+02 1.266666666666666607e+01
6.609231406902781600e+02 1.133333333333333393e+01
6.618506378486205222e+02 1.300000000000000000e+01
6.627780771952275245e+02 1.166666666666666607e+01
6.637054587300989397e+02 1.433333333333333393e+01
6.646327824532349950e+02 1.833333333333333215e+01
6.655600483646354633e+02 1.766666666666666785e+01
6.664872564643005717e+02 9.666666666666666075e+00
6.674144067522299792e+02 1.266666666666666607e+01
6.683414992284240270e+02 1.366666666666666607e+01
6.692685338928827150e+02 1.433333333333333393e+01
6.701955107456057021e+02 1.800000000000000000e+01
6.711224297865934432e+02 1.466666666666666607e+01
6.720492910158454833e+02 1.266666666666666607e+01
6.729760944333621637e+02 1.200000000000000000e+01
6.739028400391433706e+02 1.133333333333333393e+01
6.748295278331891041e+02 1.400000000000000000e+01
6.757561578154992503e+02 1.366666666666666607e+01
6.766827299860740368e+02 1.000000000000000000e+01
6.776092443449132361e+02 1.333333333333333393e+01
6.785357008920169619e+02 1.633333333333333215e+01
6.794620996273853279e+02 1.233333333333333393e+01
6.803884405510181068e+02 1.300000000000000000e+01
6.813147236629154122e+02 1.366666666666666607e+01
6.822409489630772441e+02 1.300000000000000000e+01
6.831671164515037162e+02 1.033333333333333393e+01
6.840932261281943738e+02 1.400000000000000000e+01
6.850192779931498990e+02 1.166666666666666607e+01
6.859452720463698370e+02 7.333333333333333037e+00
6.868712082878541878e+02 1.066666666666666607e+01
6.877970867176031788e+02 1.066666666666666607e+01
6.887229073356166964e+02 1.266666666666666607e+01
6.896486701418946268e+02 1.500000000000000000e+01
6.905743751364371974e+02 1.566666666666666607e+01
6.915000223192441808e+02 1.566666666666666607e+01
6.924256116903158045e+02 1.833333333333333215e+01
6.933511432496518410e+02 9.000000000000000000e+00
6.942766169972524040e+02 1.033333333333333393e+01
6.952020329331174935e+02 1.266666666666666607e+01
6.961273910572471095e+02 7.333333333333333037e+00
6.970526913696413658e+02 1.266666666666666607e+01
6.979779338702999212e+02 1.133333333333333393e+01
6.989031185592231168e+02 1.066666666666666607e+01
6.998282454364108389e+02 1.233333333333333393e+01
7.007533145018630876e+02 7.666666666666666963e+00
7.016783257555797491e+02 7.666666666666666963e+00
7.026032791975611644e+02 9.333333333333333925e+00
7.035281748278067653e+02 0.000000000000000000e+00
7.044530126463171200e+02 1.333333333333333259e+00
7.053777926530920013e+02 3.666666666666666519e+00
7.063025148481311817e+02 5.000000000000000000e+00
7.072271792314351160e+02 8.666666666666666075e+00
7.081517858030034631e+02 1.066666666666666607e+01
7.090763345628363368e+02 9.000000000000000000e+00
7.100008255109337370e+02 7.666666666666666963e+00
7.109252586472957773e+02 8.666666666666666075e+00
7.118496339719221169e+02 8.000000000000000000e+00
7.127739514848130966e+02 7.333333333333333037e+00
7.136982111859686029e+02 7.333333333333333037e+00
7.146224130753885220e+02 1.066666666666666607e+01
7.155465571530730813e+02 1.033333333333333393e+01
7.164706434190220534e+02 6.666666666666666963e+00
7.173946718732356658e+02 8.333333333333333925e+00
7.183186425157136910e+02 8.666666666666666075e+00
7.192425553464563563e+02 1.033333333333333393e+01
7.201664103654634346e+02 2.000000000000000000e+00
7.210902075727351530e+02 4.000000000000000000e+00
7.220139469682712843e+02 1.133333333333333393e+01
7.229376285520720558e+02 8.666666666666666075e+00
7.238612523241371264e+02 1.000000000000000000e+01
7.247848182844668372e+02 8.000000000000000000e+00
7.257083264330610746e+02 4.666666666666666963e+00
7.266317767699199521e+02 5.000000000000000000e+00
7.275551692950430152e+02 7.333333333333333037e+00
7.284785040084308321e+02 8.333333333333333925e+00
7.294017809100831755e+02 1.033333333333333393e+01
7.303249999999999318e+02 7.333333333333333037e+00
7.312481612781813283e+02 8.000000000000000000e+00
7.321712647446271376e+02 1.033333333333333393e+01
7.330943103993375871e+02 9.666666666666666075e+00
7.340172982423124495e+02 9.666666666666666075e+00
7.349402282735519520e+02 8.000000000000000000e+00
7.358631004930557538e+02 1.033333333333333393e+01
7.367859149008243094e+02 1.066666666666666607e+01
7.377086714968572778e+02 9.333333333333333925e+00
7.386313702811547728e+02 1.000000000000000000e+01
7.395540112537166806e+02 9.333333333333333925e+00
7.404765944145432286e+02 9.666666666666666075e+00
7.413991197636343031e+02 8.000000000000000000e+00
7.423215873009897905e+02 8.000000000000000000e+00
7.432439970266100318e+02 7.333333333333333037e+00
7.441663489404944585e+02 8.000000000000000000e+00
7.450886430426437528e+02 1.033333333333333393e+01
7.460108793330573462e+02 1.366666666666666607e+01
7.469330578117354662e+02 2.166666666666666785e+01
7.478551784786781127e+02 3.400000000000000000e+01
7.487772413338853994e+02 3.933333333333333570e+01
7.496992463773569852e+02 5.166666666666666430e+01
7.506211936090933250e+02 6.100000000000000000e+01
7.515430830290940776e+02 6.833333333333332860e+01
7.524649146373592430e+02 8.566666666666667140e+01
7.533866884338891623e+02 1.006666666666666714e+02
7.543084044186833808e+02 1.150000000000000000e+02
7.552300625917422394e+02 1.326666666666666572e+02
7.561516629530655109e+02 1.416666666666666572e+02
7.570732055026535363e+02 1.536666666666666572e+02
7.579946902405057472e+02 1.613333333333333428e+02
7.589161171666227119e+02 1.646666666666666572e+02
7.598374862810042032e+02 1.656666666666666572e+02
7.607587975836501073e+02 1.650000000000000000e+02
7.616800510745605379e+02 1.546666666666666572e+02
7.626012467537356088e+02 1.570000000000000000e+02
7.635223846211749787e+02 1.460000000000000000e+02
7.644434646768789889e+02 1.420000000000000000e+02
7.653644869208476393e+02 1.346666666666666572e+02
7.662854513530805889e+02 1.316666666666666572e+02
7.672063579735781786e+02 1.330000000000000000e+02
7.681272067823402949e+02 1.276666666666666714e+02
7.690479977793669377e+02 1.220000000000000000e+02
7.699687309646579934e+02 1.176666666666666714e+02
7.708894063382138029e+02 1.176666666666666714e+02
7.718100239000337979e+02 1.046666666666666714e+02
7.727305836501185468e+02 9.900000000000000000e+01
7.736510855884677085e+02 9.000000000000000000e+01
7.745715297150815104e+02 8.100000000000000000e+01
7.754919160299597252e+02 7.266666666666667140e+01
7.764122445331024664e+02 6.633333333333332860e+01
7.773325152245097343e+02 6.233333333333333570e+01
7.782527281041815286e+02 5.766666666666666430e+01
7.791728831721178494e+02 5.166666666666666430e+01
7.800929804283185831e+02 4.966666666666666430e+01
7.810130198727840707e+02 4.433333333333333570e+01
7.819330015055138574e+02 4.333333333333333570e+01
7.828529253265082843e+02 4.266666666666666430e+01
7.837727913357671241e+02 3.633333333333333570e+01
7.846925995332907178e+02 2.800000000000000000e+01
7.856123499190784969e+02 2.766666666666666785e+01
7.865320424931311436e+02 1.800000000000000000e+01
7.874516772554480895e+02 1.533333333333333393e+01
7.883712542060295618e+02 1.533333333333333393e+01
7.892907733448755607e+02 1.133333333333333393e+01
7.902102346719860861e+02 1.300000000000000000e+01
7.911296381873612518e+02 7.666666666666666963e+00
7.920489838910007165e+02 6.666666666666666963e+00
7.929682717829049352e+02 6.000000000000000000e+00
7.938875018630734530e+02 8.333333333333333925e+00
7.948066741315066110e+02 6.000000000000000000e+00
7.957257885882042956e+02 7.666666666666666963e+00
7.966448452331665067e+02 6.333333333333333037e+00
7.975638440663931306e+02 6.666666666666666963e+00
7.984827850878843947e+02 8.666666666666666075e+00
7.994016682976400716e+02 7.000000000000000000e+00
8.003204936956602751e+02 8.000000000000000000e+00
8.012392612819451188e+02 4.000000000000000000e+00
8.021579710564942616e+02 3.666666666666666519e+00
8.030766230193082720e+02 5.666666666666666963e+00
8.039952171703864678e+02 5.000000000000000000e+00
8.049137535097293039e+02 3.333333333333333481e+00
8.058322320373367802e+02 1.666666666666666741e+00
8.067506527532086693e+02 5.000000000000000000e+00
8.076690156573449713e+02 9.666666666666666075e+00
8.085873207497460271e+02 9.000000000000000000e+00
8.095055680304113821e+02 8.666666666666666075e+00
8.104237574993413773e+02 9.666666666666666075e+00
8.113418891565358990e+02 5.666666666666666963e+00
8.122599630019947199e+02 6.666666666666666963e+00
8.131779790357182947e+02 4.666666666666666963e+00
8.140959372577062823e+02 3.333333333333333481e+00
8.150138376679589101e+02 3.333333333333333481e+00
8.159316802664759507e+02 4.000000000000000000e+00
8.168494650532575179e+02 4.333333333333333037e+00
8.177671920283036116e+02 8.000000000000000000e+00
8.186848611916143454e+02 3.000000000000000000e+00
8.196024725431894922e+02 3.000000000000000000e+00
8.205200260830290517e+02 0.000000000000000000e+00
8.214375218111332515e+02 0.000000000000000000e+00
8.223549597275020915e+02 0.000000000000000000e+00
8.232723398321351169e+02 0.000000000000000000e+00
8.241896621250328963e+02 0.000000000000000000e+00
8.251069266061952021e+02 0.000000000000000000e+00
8.260241332756219208e+02 0.000000000000000000e+00
8.269412821333132797e+02 0.000000000000000000e+00
8.278583731792690514e+02 0.000000000000000000e+00
8.287754064134893497e+02 1.000000000000000000e+00
8.296923818359741745e+02 0.000000000000000000e+00
8.306092994467236394e+02 0.000000000000000000e+00
8.315261592457374036e+02 0.000000000000000000e+00
8.324429612330159216e+02 0.000000000000000000e+00
8.333597054085588525e+02 0.000000000000000000e+00
8.342763917723663099e+02 0.000000000000000000e+00
8.351930203244381801e+02 0.000000000000000000e+00
8.361095910647746905e+02 0.000000000000000000e+00
8.370261039933757274e+02 0.000000000000000000e+00
8.379425591102411772e+02 0.000000000000000000e+00
8.388589564153712672e+02 0.000000000000000000e+00
8.397752959087657700e+02 0.000000000000000000e+00
8.406915775904249131e+02 0.000000000000000000e+00
8.416078014603484689e+02 6.666666666666666297e-01
8.425239675185365513e+02 0.000000000000000000e+00
8.434400757649892739e+02 0.000000000000000000e+00
8.443561261997065230e+02 0.000000000000000000e+00
8.452721188226880713e+02 0.000000000000000000e+00
8.461880536339343735e+02 3.333333333333333148e-01
8.471039306334449748e+02 0.000000000000000000e+00
8.480197498212201026e+02 0.000000000000000000e+00
8.489355111972599843e+02 0.000000000000000000e+00
8.498512147615641652e+02 0.000000000000000000e+00
8.507668605141329863e+02 0.000000000000000000e+00
8.516824484549662202e+02 3.333333333333333148e-01
8.525979785840642080e+02 0.000000000000000000e+00
8.535134509014263813e+02 0.000000000000000000e+00
8.544288654070533084e+02 0.000000000000000000e+00
8.553442221009446484e+02 0.000000000000000000e+00
8.562595209831005150e+02 0.000000000000000000e+00
8.571747620535209080e+02 0.000000000000000000e+00
8.580899453122059413e+02 0.000000000000000000e+00
8.590050707591552737e+02 0.000000000000000000e+00
8.599201383943692463e+02 0.000000000000000000e+00
8.608351482178478591e+02 0.000000000000000000e+00
8.617501002295907711e+02 0.000000000000000000e+00
8.626649944295984369e+02 0.000000000000000000e+00
8.635798308178704019e+02 0.000000000000000000e+00
8.644946093944070071e+02 0.000000000000000000e+00
8.654093301592081389e+02 0.000000000000000000e+00
8.663239931122736834e+02 0.000000000000000000e+00
8.672385982536037545e+02 0.000000000000000000e+00
8.681531455831985795e+02 0.000000000000000000e+00
8.690676351010575900e+02 0.000000000000000000e+00
8.699820668071813543e+02 0.000000000000000000e+00
8.708964407015695315e+02 0.000000000000000000e+00
8.718107567842221215e+02 0.000000000000000000e+00
8.727250150551394654e+02 0.000000000000000000e+00
8.736392155143212221e+02 0.000000000000000000e+00
8.745533581617675054e+02 0.000000000000000000e+00
8.754674429974782015e+02 0.000000000000000000e+00
8.763814700214536515e+02 0.000000000000000000e+00
8.772954392336932870e+02 0.000000000000000000e+00
8.782093506341976763e+02 0.000000000000000000e+00
8.791232042229665922e+02 0.000000000000000000e+00
8.800370000000000346e+02 0.000000000000000000e+00
8.809507379652977761e+02 6.666666666666666297e-01
8.818644181188603852e+02 0.000000000000000000e+00
8.827780404606871798e+02 0.000000000000000000e+00
8.836916049907786146e+02 0.000000000000000000e+00
8.846051117091346896e+02 0.000000000000000000e+00
8.855185606157551774e+02 0.000000000000000000e+00
8.864319517106400781e+02 0.000000000000000000e+00
8.873452849937897327e+02 0.000000000000000000e+00
8.882585604652038000e+02 0.000000000000000000e+00
8.891717781248823940e+02 0.000000000000000000e+00
8.900849379728255144e+02 0.000000000000000000e+00
8.909980400090330477e+02 0.000000000000000000e+00
8.919110842335052212e+02 0.000000000000000000e+00
8.928240706462419212e+02 0.000000000000000000e+00
8.937369992472430340e+02 0.000000000000000000e+00
8.946498700365086734e+02 0.000000000000000000e+00
8.955626830140388392e+02 0.000000000000000000e+00
8.964754381798336453e+02 0.000000000000000000e+00
8.973881355338928643e+02 0.000000000000000000e+00
8.983007750762167234e+02 0.000000000000000000e+00
8.992133568068048817e+02 0.000000000000000000e+00
9.001258807256576802e+02 0.000000000000000000e+00
9.010383468327750052e+02 0.000000000000000000e+00
9.019507551281568567e+02 0.000000000000000000e+00
9.028631056118032348e+02 0.000000000000000000e+00
9.037753982837141393e+02 0.000000000000000000e+00
9.046876331438894567e+02 0.000000000000000000e+00
9.055998101923294143e+02 0.000000000000000000e+00
9.065119294290338985e+02 1.000000000000000000e+00
9.074239908540026818e+02 0.000000000000000000e+00
9.083359944672362190e+02 0.000000000000000000e+00
9.092479402687341690e+02 0.000000000000000000e+00
9.101598282584966455e+02 0.000000000000000000e+00
9.110716584365236486e+02 0.000000000000000000e+00
9.119834308028152918e+02 0.000000000000000000e+00
9.128951453573712342e+02 0.000000000000000000e+00
9.138068021001919305e+02 0.000000000000000000e+00
9.147184010312770397e+02 0.000000000000000000e+00
9.156299421506266754e+02 0.000000000000000000e+00
9.165414254582407239e+02 0.000000000000000000e+00
9.174528509541195262e+02 0.000000000000000000e+00
9.183642186382625141e+02 0.000000000000000000e+00
9.192755285106702559e+02 0.000000000000000000e+00
9.201867805713425241e+02 0.000000000000000000e+00
9.210979748202792052e+02 0.000000000000000000e+00
9.220091112574805265e+02 0.000000000000000000e+00
9.229201898829462607e+02 0.000000000000000000e+00
9.238312106966765214e+02 0.000000000000000000e+00
9.247421736986714222e+02 1.000000000000000000e+00
9.256530788889307360e+02 0.000000000000000000e+00
9.265639262674544625e+02 0.000000000000000000e+00
9.274747158342430566e+02 0.000000000000000000e+00
9.283854475892957225e+02 0.000000000000000000e+00
9.292961215326131423e+02 0.000000000000000000e+00
9.302067376641952023e+02 0.000000000000000000e+00
9.311172959840414478e+02 3.333333333333333148e-01
9.320277964921524472e+02 0.000000000000000000e+00
9.329382391885279731e+02 0.000000000000000000e+00
9.338486240731680255e+02 0.000000000000000000e+00
9.347589511460723770e+02 0.000000000000000000e+00
9.356692204072415961e+02 0.000000000000000000e+00
9.365794318566750007e+02 0.000000000000000000e+00
9.374895854943730455e+02 0.000000000000000000e+00
9.383996813203357306e+02 0.000000000000000000e+00
9.393097193345628284e+02 0.000000000000000000e+00
9.402196995370543391e+02 0.000000000000000000e+00
9.411296219278107174e+02 3.333333333333333148e-01
9.420394865068312811e+02 6.666666666666666297e-01
9.429492932741162576e+02 6.666666666666666297e-01
9.438590422296661018e+02 6.666666666666666297e-01
9.447687333734804724e+02 1.666666666666666741e+00
9.456783667055590286e+02 2.666666666666666519e+00
9.465879422259023386e+02 3.333333333333333481e+00
9.474974599345100614e+02 1.666666666666666741e+00
9.484069198313824245e+02 2.666666666666666519e+00
9.493163219165193141e+02 2.333333333333333481e+00
9.502256661899205028e+02 1.333333333333333259e+00
9.511349526515862181e+02 3.333333333333333148e-01
9.520441813015169146e+02 2.000000000000000000e+00
9.529533521397116829e+02 2.000000000000000000e+00
9.538624651661709777e+02 1.666666666666666741e+00
9.547715203808950264e+02 2.666666666666666519e+00
9.556805177838833742e+02 1.666666666666666741e+00
9.565894573751363623e+02 3.000000000000000000e+00
9.574983391546539906e+02 1.666666666666666741e+00
9.584071631224358043e+02 3.333333333333333481e+00
9.593159292784822583e+02 3.000000000000000000e+00
9.602246376227935798e+02 2.666666666666666519e+00
9.611332881553689731e+02 3.000000000000000000e+00
9.620418808762090066e+02 2.000000000000000000e+00
9.629504157853136803e+02 1.666666666666666741e+00
9.638588928826828806e+02 3.333333333333333481e+00
9.647673121683163799e+02 2.333333333333333481e+00
9.656756736422146332e+02 2.000000000000000000e+00
9.665839773043771856e+02 1.666666666666666741e+00
9.674922231548042646e+02 1.333333333333333259e+00
9.684004111934962111e+02 4.000000000000000000e+00
9.693085414204523431e+02 4.000000000000000000e+00
9.702166138356730016e+02 2.666666666666666519e+00
9.711246284391583004e+02 3.333333333333333481e+00
9.720325852309082393e+02 4.000000000000000000e+00
9.729404842109224774e+02 1.000000000000000000e+00
9.738483253792012420e+02 1.666666666666666741e+00
9.747561087357446468e+02 3.000000000000000000e+00
9.756638342805524644e+02 2.333333333333333481e+00
9.765715020136249223e+02 2.666666666666666519e+00
9.774791119349617929e+02 1.333333333333333259e+00
9.783866640445630765e+02 6.666666666666666297e-01
9.792941583424290002e+02 3.333333333333333481e+00
9.802015948285595641e+02 2.666666666666666519e+00
9.811089735029545409e+02 3.333333333333333481e+00
9.820162943656139305e+02 2.333333333333333481e+00
9.829235574165381877e+02 6.666666666666666297e-01
9.838307626557266303e+02 2.000000000000000000e+00
9.847379100831797132e+02 3.666666666666666519e+00
9.856449996988972089e+02 2.000000000000000000e+00
9.865520315028791174e+02 2.666666666666666519e+00
9.874590054951258935e+02 5.000000000000000000e+00
9.883659216756370824e+02 1.333333333333333259e+00
9.892727800444124568e+02 3.000000000000000000e+00
9.901795806014526988e+02 2.333333333333333481e+00
9.910863233467573536e+02 6.666666666666666297e-01
9.919930082803266487e+02 6.666666666666666297e-01
9.928996354021603565e+02 1.333333333333333259e+00
9.938062047122584772e+02 2.666666666666666519e+00
9.947127162106214655e+02 2.333333333333333481e+00
9.956191698972488666e+02 2.666666666666666519e+00
9.965255657721404532e+02 2.000000000000000000e+00
9.974319038352969073e+02 3.333333333333333148e-01
9.983381840867175470e+02 6.666666666666666297e-01
9.992444065264030542e+02 4.000000000000000000e+00
1.000150571154352974e+03 3.333333333333333148e-01
1.001056677970567307e+03 2.000000000000000000e+00
1.001962726975046053e+03 3.333333333333333148e-01
1.002868718167789439e+03 6.666666666666666297e-01
1.003774651548797465e+03 0.000000000000000000e+00
1.004680527118069904e+03 6.666666666666666297e-01
1.005586344875606983e+03 3.333333333333333148e-01
1.006492104821408248e+03 2.000000000000000000e+00
1.007397806955474380e+03 1.333333333333333259e+00
1.008303451277805152e+03 3.000000000000000000e+00
1.009209037788399883e+03 1.666666666666666741e+00
1.010114566487259481e+03 6.666666666666666297e-01
1.011020037374383946e+03 2.000000000000000000e+00
1.011925450449772370e+03 2.000000000000000000e+00
1.012830805713425434e+03 2.000000000000000000e+00
1.013736103165343138e+03 2.000000000000000000e+00
1.014641342805525028e+03 3.333333333333333148e-01
1.015546524633971785e+03 6.666666666666666297e-01
1.016451648650683182e+03 3.666666666666666519e+00
1.017356714855658765e+03 1.000000000000000000e+00
1.018261723248898988e+03 3.666666666666666519e+00
1.019166673830404079e+03 1.666666666666666741e+00
1.020071566600173128e+03 3.333333333333333148e-01
1.020976401558207044e+03 3.666666666666666519e+00
1.021881178704504919e+03 1.666666666666666741e+00
1.022785898039068115e+03 1.666666666666666741e+00
1.023690559561895498e+03 2.000000000000000000e+00
1.024595163272987065e+03 3.666666666666666519e+00
1.025499709172343728e+03 1.666666666666666741e+00
1.026404197259964576e+03 1.000000000000000000e+00
1.027308627535849837e+03 3.666666666666666519e+00
1.028212999999999965e+03 1.333333333333333259e+00
1.029117314652414507e+03 1.333333333333333259e+00
1.030021571493093234e+03 2.666666666666666519e+00
1.030925770522037055e+03 2.000000000000000000e+00
1.031829911739245063e+03 2.333333333333333481e+00
1.032733995144717483e+03 2.000000000000000000e+00
1.033638020738454543e+03 1.666666666666666741e+00
1.034541988520456471e+03 3.333333333333333481e+00
1.035445898490722357e+03 3.333333333333333148e-01
1.036349750649252883e+03 3.666666666666666519e+00
1.037253544996048049e+03 2.000000000000000000e+00
1.038157281531107628e+03 0.000000000000000000e+00
1.039060960254431848e+03 1.000000000000000000e+00
1.039964581166020707e+03 2.666666666666666519e+00
1.040868144265873752e+03 2.666666666666666519e+00
1.041771649553991438e+03 0.000000000000000000e+00
